0,448
0,447
0,446
0,445
51,2
52,52
52,51
52,50
52,49
52,48
52,47
52,46
52,45
52,44
52,43
52,42
52,41
52,40
52,39
52,38
52,37
52,36
52,35
46,4
49,5
47,1
47,3
48,4
50,2
55,5
55,4
55,3
55,2
55,1
55,0
0,278
0,273
0,270
54,4
54,3
54,2
54,1
54,0
53,3
53,2
53,1
53,0
46,1
46,3
50,1
50,3
49,1
49,3
48,1
48,3
51,1
51,3
10,112
10,242
10,224
10,200
10,264
10,246
10,26
10,296
10,3
11,14
11,8
11,6
11,28
11,20
11,2
11,3
9,7
9,2
9,3
8,4
8,15
8,10
8,8
8,11
8,2
8,3
18,1
18,3
34,2
34,0
20,3
20,2
20,1
19,3
19,2
19,1
12,3
12,2
